1391453544
1946991741
21306384
19796689
1450020986
37696296
1418698326
35563009
1089249982
1153040328
1005404756
13073862
1966558505
1595645846
38420402
13573308
1192736835
1100940033
1547270231
36601195
31394999
1043379025
1671232472
1223716152
1301707354
18747370
1140548706
1307766370
1053431120
639871552
13506826
36812789
32316936
31608233
1163139037
1818853219
37370324
21853263
1701030600
1996930734
1854833614
11592720
1937057390
52900491
30830770
1420025738
19493874
1678386755
1597002433
36631076
20561789
1958246365
37609482
1729088578
1752945902
1601594021
1125845933
413474440
1135301717
1491966477
1948443120
1006379012
35150556
1287984246
37391652
33021904
1099723171
21250674
1823159874
1778646866
1058744939
1478746445
35005080
1208647495
1548311383
1894481944
1226537306
1230867611
1241537558
1311902366
1293053706
1120503681
35562920
11689850
1116487772
1623890824
37775840
1830402626
11593558
1230672631
1228539047
1232792293
1437259288
1226404503
1313091121
1966158346
1004564820
1476560900
1457625754
1094546593
38300268
1935823121
19878242
1437237006
1063168964
1198014242
1009948700
1172415386
38737563
31229995
1169690736
1264923143
1165372300
1540039408
1390349194
1879461707
32351642
1085674564
1323219611
36874015
1258546018
1139803210
37912310
13357149
1418869114
173918089
13152789
1137614062
1847926946
13570666
37648608
35306735
1648900414
1136138589
1564599976
1359665438
1212154487
1207184245
37336820
1180636517
204069476
1123657673
38693689
300908424
11489345
38419425
18240255
1698663152
1323631194
31383463
1199972298
11839441
1534295338
18241300
1567110440
35251819
1604633855
1193145987
1932099596
11807591
1340441355
20233934
37762110
38484364
1644344193
1846573955
1948697419
1921431811
21559844
710495494
1099345475
1715829579
38275926
1743826073
1919889669
1575865774
1765188454
1975933458
1537766061
33972599
1366550708
36642960
37196955
1577135593
31806396
1492856858
1171379723
13158412
37237287
37249358
1493701744
1241143945
1266962649
1366022316
18231613
1503818993
1249847675
1084349860
1419704014
1249273659
12073291
1853330941
11878355
928222007
1211367868
1332230754
1777824407
18243683
33891135
1691887046
565616623
12077012
1353030043
1700345670
1357295619
36639958
1288962245
1571023241
1633931497
1050519490
1966641702
1632371623
1232336046
1689571154
1029465285
1564017134
11721340
1102154545
1527857403
60353315
1326748832
1292658699
1652789282
38277028
1000695041
1919839902
1010768419
1548749776
1452440066
1122384224
1021585530
1356520741
1625029568
1541673763
439563774
1856978293
1051540017
1441024112
1240466875
13156429
1233831024
1773392734
1713820351
1038166733
1040666002
36271566
11670704
1250798554
1169240227
1038784243
33889286
1085550822
1262982007
34203757
1835934395
33586054
1012867100
1863503208
38548704
37637684
1725462338
1951855563
20105762
1885950260
1148451807
1507982265
1628471514
1074006835
1588900905
11570104
1930896967
1345130515
31543095
33252946
1278626300
1663351710
35597964
32812019
1171988226
11591020
1240298410
31329475
1089394789
1632015192
13011682
1485153539
1424333494
1234575161
11621395
1324084306
1612786648
1373641716
1365106867
34347886
35431521
1626538752
1300839882
1834746801
1170617021
1333682838
1228254752
1430329527
1523663774
1687687205
1240372795
38561949
365858525
1725895520
1517487358
1092567422
1038370038
1508243090
1694234920
595074289
1425989301
37717085
1943210266
1078138614
1399503871
971501438
1537971823
1244479891
1030871168
1063312626
1543901744
1691420621
1965277191
1196593317
1833313793
523890342
1344027015
1321337563
1241418880
1831566455
1030413970
1193971273
1712521730
1353346572
1509451621
742676592
1273666847
55585656
1128626529
1988832741
1750955752
548365578
1455299135
1935471901
1467953783
1321493330
1033239204
1432336976
1706561777
1247415883
1569752551
1151982404
1673773985
1409603517
1184862139
1525007973
1393890643
1526798269
1734273361
1859537881
1071830988
1969246354
1395030685
1087183871
1847066597
1675458615
82935618
1643583812
1867178428
37471718
38337802
1346166736
1447612432
1962021779
1203115921
1886226302
37691543
1060006624
1451854749
1678617330
1069345246
1999678821
1479215721
319626943
1168698330
1223354536
1424054328
343496704
36237493
1194510469
1900288880
1200806667
37910590
1259420360
1483409913
1150528971
1343525582
1829908685
1383256753
1543294903
1504347953
1209609729
1289885337
1613470297
1193907072
1624336026
1081045129
1308949721
1471112751
1022973489
1239997161
1465772360
1795630424
1251057335
1681576115
1217287130
1115306852
352011330
1248841873
1813425781
1182897501
1621508044
1085084433
1418458318
1199055314
1275929043
1268717405
1397836032
1411397842
1080312995
1160848046
1298511802
1780958638
1183278977
37191703
1560084717
1632480509
1041618690
1889699636
1215237779
1212942253
1654486779
1505046001
1867897248
38692829
1906998225
1270448451
1966521856
1492433555
1182192310
1466813969
36276169
30811760
1402937642
1921874344
1264704134
1370339688
1802761649
1824541032
1080372232
1023169214
1076715606
33704135
1062570494
1430646260
1404930910
1936568550
1386426481
1865182891
1271468163
1332642541
1595247698
1983922131
1652633174
1964635228
36905757
1547319276
1458138741
1393149392
1605963127
1645816805
1061365277
1884486346
1697675166
1088009411
37896030
1295000655
1223965177
1461811104
1281821449
1309359322
1127445707
1532726506
1927557936
1863706992
1718420274
1413106151
1781253700
1161152347
1848564095
1545903529
37683876
297126441
1989352305
1009022632
1078949657
1384891709
1267437086
1016765717
1404322853
1753489603
1180418614
1637968063
1981904689
1470307602
37302046
1265785877
1944438246
1306390433
1943177303
1613054408
1436742203
1548589806
1896147371
1103507675
1862026206
1019405388
1240622538
1248117249
1725861030
1583380938
1070861954
1275922607
270473240
1477788445
1961329445
34786556
1266915975
1452955482
1049076059
1012485216
1697409979
1578584646
1122844265
1610448119
1300253897
1790076538
1117575393
1282311574
1211964877
1428046376
1252191493
1813154034
1711413259
1660423120
1918028699
1247801780
1578379657
1424869222
1367477098
36010634
754349082
1621519953
1886481455
1866877749
1623328599
1952602333
1819306212
1944708422
1320858854
1375584749
36920268
1854541666
1249359072
1582006805
34937369
1279085531
1755942582
1381920053
1267504932
1398254984
1000212289
1998395051
1379233462
1743679102
1197226539
1320654683
1857250841
1116217742
1726138744
1072526830
1291534060
56741405
1796975604
1394651599
1466828408
1388756141
1912626916
637694781
1207780049
1554732677
1850384974
1568797034
1774078943
1399635238
1461908908
1503644539
19866326
1703190567
1412462043
1179910659
1270396816
34658234
1021945903
1418698326
1283663834
1578071453
1883832743
1507982265
1176845784
38010911
34098350
1968041382
38420402
1595759279
1082582134
1958246365
37370324
1345745893
37696296
1002491565
1623890824
20925164
38276438
1048389167
1148603793
13156166
1299351750
31238106
1864626411
35958706
1048787673
20510754
1425518515
31048018
1995828622
32316936
1723496697
38737563
1123348749
1751254128
1845951423
1685401944
1130004491
1595645846
21693495
1883924356
1519042097
1276136340
1353495665
1487727976
1258546018
1094546593
1236995778
35431521
1213231016
33877466
30827206
1205588089
1675858699
1898511767
1778087184
21856573
1745771292
1018181364
1165474756
1391453544
37285935
37438798
1114049504
1138949668
1099651588
20415444
1528833676
33943118
1640370826
1533550220
1324084306
1216026685
1675974628
1544449766
1809577810
745365553
1152120915
1121433996
1099092209
1700744683
19873017
1789177874
1664468044
1280914854
1310686440
1261853056
374694216
36877700
1129981519
1854833614
1295216727
1316829967
1014203652
1504828663
34922648
1213537628
1358826601
1354903584
11712022
1141833339
1043379025
21728200
689198524
1038526987
1292205602
52900491
1632371623
38642194
1140548706
1794136920
1541543962
1354715812
572367804
1778308683
1301707354
35848993
36398891
1824573730
38282260
1752432224
1356028460
34016066
34079145
34203757
1198210637
36642960
34043796
1358125051
1646954527
13072449
1865194920
1008768260
1476951730
13154744
1666201781
13411255
13155019
1123657673
1819102179
1376146279
31737698
1115566217
13493492
1491966477
38737314
1323219611
1012255716
37495568
11816522
1997859792
1697076407
13506826
496030463
20362335
37548701
1168064769
37915747
1929603417
1332606481
1602422029
212897207
1349731448
38643309
1757296214
1498252663
1270560918
1385036638
21048818
1633931497
13156164
1090777381
1916597325
36399494
38338180
1238404643
1484009801
1175547535
1839168978
1244481703
37271745
11595046
1150085460
1102437304
1456524257
1205351110
1365170000
1169690736
1517719903
34714133
33706021
1752945902
1286482063
1931678541
1423000483
1021291657
1749292553
1751626141
1571951720
1814718199
1775473845
1180636517
1191658033
1089394789
1094566184
1345284209
33252946
1286002957
1222821609
1274327785
1603751419
1807305919
1900564106
1060873970
1090276318
1412526004
74314251
1091453337
1188962072
1410826313
1100366331
169711250
1633206582
1490748503
37157268
38448458
33575652
1341215616
31243203
1037213590
1321259351
1625723797
1200492138
1571023241
1311902366
33877474
1655745209
1080698904
204069476
1275115290
1478723287
1871716368
1051540017
1441024112
13545768
1832211716
1095959225
1874836177
1216441530
19862370
61864949
1026008035
1626763563
37996760
1846241643
1091896358
1422358363
1359533932
1506591868
1179781827
1104266499
52958874
1632474623
300908424
31368179
1357295619
1999208568
34615457
1541622822
1172120125
1226433433
1321106648
1859611046
1836378000
38300449
38696124
35708180
1698663152
13139438
1562047501
1840468850
21535803
1592474841
1176224601
1502418449
1815170139
1465557879
36874015
37769447
1022165531
1048166619
1610258155
1527800785
1035550023
1419188474
1023197888
20091272
1071090125
1163767305
19878081
1967647240
1432373629
895457986
1116307470
38328122
1285186695
33972716
19387176
34016603
13117552
37362104
1081873068
1880997916
1122254586
1850375355
11886505
35603926
1865631399
1498934506
996334906
1067440345
1614953667
1269340158
13542746
21608119
1108285231
1098819515
1635742649
18484296
1067286803
1659563330
36453737
13574087
1341393737
13093133
1207253764
11585300
32269733
1770967295
1478381424
63294210
38305412
1243805691
1320390218
1732344388
33445630
1600727618
37941875
38733965
1191020917
1133107813
11854397
505338596
1382019243
1867302217
1542149931
1232387490
12107143
1745579684
1967411628
1855394647
1647068883
1442991337
1292569783
37098004
1584307184
1182668560
1855226419
13491811
1050875584
1491540976
1167531735
1259933590
1044102504
1515769901
1067283876
34259240
1223219489
1395285960
1772140077
21082407
1203069267
1295981580
1903511796
20601467
1120549775
672327315
1346993241
31575986
237156960
1393865544
1002035351
1711464605
1051733906
1087741456
1313295051
1199132262
1621296173
1347429754
1379308723
1523048444
38555222
1843483565
1924644034
1029909910
1870183298
12447840
37161914
1286781898
1075119302
38427757
1483295656
34585484
1848770148
1208377887
1960037085
1689410898
1415095170
1477268158
1497634414
19873514
1680847530
1650247686
1936664441
1595462746
1032426511
1888066284
1235425429
36154610
1437513434
1461931148
1022423336
1081922758
1708080025
723386181
13158130
1495347361
1422058766
20332418
1865802207
1211219135
33879353
1331575749
1056844497
1587609638
1630800917
34177729
1600729842
1097336662
1166510356
1664062070
1181538645
1414082276
18834700
1349741698
38232590
1084077266
1275470400
20561475
773592092
440130507
13580190
1088427147
1791581585
1212470050
1931206028
1932943275
1467022395
1848284388
37898999
1482078310
11861437
1017779884
36166424
1346079626
1273878184
1538014308
1913182999
1082161755
1044996278
12851793
1086067689
1016539900
1183810461
13490810
1470380916
37871358
1239144428
1271906428
37387533
1485534307
449478032
37891358
1851241547
1580864200
1388503746
1119129424
1218065236
1763108623
1240838953
13452908
1864652859
1388294922
64166808
33636839
1639550570
19866400
1257199251
1088104245
1513911780
1307726210
1639514931
1902042290
1082473387
37169102
1443104731
13573013
1167481100
1896940114
37486171
1672422189
1956591980
1859072334
1501329817
136397665
37824114
1190784086
1961533564
20557516
727849042
1714213927
1221062215
1201043555
1852530580
1865029123
1974285797
37927487
1950086627
13402730
155398829
1922182440
1776736814
1791580858
1545491074
1032877370
1255909485
848321501
19866337
32636994
1879423579
1238438824
1229698069
1591951858
34308862
1705392665
487040518
1143697476
36744553
13573782
1620097322
1070527862
1769095765
35769705
1062251833
1372308253
1486267884
1307835048
1239218139
1548879877
1561132957
923777626
1975678801
1614474109
1910910096
1406913154
1721837503
1163169274
1123367577
1520477340
1840538927
1979317160
1766605714
38269944
36779618
1665937115
1914922752
1779291967
1374995918
1160712189
37322802
1963948245
1927914364
34615854
31328453
1414144071
1029550270
1974608832
1280317575
234062970
1129758054
1074657894
36229917
1468001727
1268469178
1015142240
1488518720
1858186204
1129461617
38232423
1328190338
1910405811
1262377225
1767890367
1473879047
506996136
1067925517
1360232609
337616098
1758378925
1387480043
13060964
1090005778
1525340544
1129588734
1277184396
1052218804
1108728134
1234949807
1365860703
1941509172
1495370212
1719507465
656491670
1209463896
310519080
563579356
1650728147
38703843
1539451060
1474627668
1720533171
1227798508
1726302067
1270289992
1576151152
1069542793
1560894942
832605925
1952533824
1776226377
1472366109
37263769
1982238569
1801952684
1573898667
1817266481
1305224860
1495263026
1770008948
1757015098
1136359935
1229793109
1198045151
1466975947
1430587054
715782489
1240190178
1827620160
1149305255
731605639
1031190341
1250997417
1256999271
37197875
11719309
1614417324
1942921803
1084312804
1488425649
1053282197
1219296929
20713693
1979892243
1386833963
1507052049
1224384502
1151193613
1993928504
1620383625
1915708438
1845288175
37520301
1684935810
1044642420
1285922861
1063364661
1550163571
1479841475
1402117457
1464932492
86196000
636720810
17929286
11846486
1597024444
1463233576
1391778965
1069246697
1711387938
11715731
34850621
1856734353
19923805
1804950881
1636069118
1279606292
1576850592
1881940422
1874692559
1106088306
1084352932
1584325830
1485671443
1660059821
1851933753
1017107459
1122440734
37915696
1958472798
1415091445
1060398712
1119516180
31575946
1510453404
1141273055
1125403542
1833744146
1587567802
30999918
37683756
1695084880
1473374967
1599278060
37384167
1476550727
38520396
1172158773
1908165652
1798112538
1776930583
1046777005
1206209216
1823569155
1647032458
1063972078
1475084048
1880268662
1117066548
1912032850
1096089697
1764065667
1699805104
1728364128
939051630
1669555254
31076497
1603610320
1759116735
1345576006
1839696543
1095083089
1384585234
1230031355
1998791947
1992840193
558674555
1543996716
1377831784
1124641637
38275858
37435253
1583665464
37168984
1226668619
1315674867
1901173439
1241138461
1313184140
34582227
1059957766
1120415606
1583060399
1299095472
11689844
1363067761
1007846623
1999413846
20300076
1175329754
259119148
1328459749
37039367
1297580272
31346781
1611971607
1709717088
37009055
1995407261
1273177276
1020586646
1569307801
1197867572
37491896
1105473067
1881849698
37373554
1060083836
1603381706
1298799394
20927082
37561899
1625747243
1887238831
1601148863
1144266126
1771029459
1085603815
1038607282
1284887591
31197772
1859749227
13183655
1342631145
1239642365
1155816041
1486908254
1248066360
37153486
1928789154
37638370
11678081
21037762
1355294819
1264228860
1139973427
1256995027
222537376
35457966
1822267226
1548575513
1634513138
1055758659
1760640611
1781120365
38231951
872117302
1930617018
1866851298
1617202857
1605364869
35516319
1053442348
767018718
1665420539
1232577588
1228391696
1724202479
1333445178
1229716585
1382044467
1673112202
1690012932
1057345883
13151902
1000521232
1932210583
11689908
1413698459
1424665491
1147052133
13152757
1324994980
1603942933
1028526198
1060015808
19837813
1327998904
1537441528
1105908490
1283563594
1679824753
1683144019
1964085842
1002617757
19535385
1045971492
1281576746
37890233
1435970084
1008202610
13151950
1500609833
1371876716
1704022791
1676974061
1691808623
1416522301
1782436531
1806183610
1146516617
1200438769
36948692
1826259300
1031182134
1253758780
35194782
35188493
1003645079
1660164157
1132601320
21547232
37848376
1233086327
1827816773
1083396619
1218176536
822066102
1686872008
1499717815
1845157455
1527943075
1698553157
35559487
1249975488
1282234213
1325997070
421667612
1621125116
1283231728
1122933127
689929472
1663724505
1586361430
1813688325
1124418789
1061710583
1465529127
1135305997
1519687812
1918427744
1701007422
37546863
32481253
31536272
735422961
37761497
35051520
1098258045
1061338586
37455024
716458775
11571524
1790792517
1336505267
1246650053
1519863138
1792732493
1244265544
1732037807
1834468284
1418721422
1715479647
1732864924
1128611200
1437480807
19873391
1789467096
1485884850
1185131482
1965915539
38520784
1257264714
1835430655
1496938941
1318341712
1475788719
1657977188
1689312726
1858284737
1342088799
1241259649
37755417
738369506
1613379179
1692589165
35372377
1074798383
1374203035
1891484042
1997174775
1767506834
1238247969
1462190098
717209166
1747759701
37445808
1099860670
1397214957
1591800898
1032916983
1723840392
1532179220
35092812
19713324
1086398472
1750767111
1017285328
1107102636
36949000
1539124097
37192015
1226789649
1197190487
1084574070
1618036327
1008861226
1547881298
1741098913
1368037001
1339999455
1212031024
35853806
1908540186
36276853
1575635245
37046186
36768469
662716588
1352848773
1355193755
35787933
33707193
1869603320
1105320197
1895058261
32307509
1392272124
1515316639
33879446
1153686132
187579997
13375918
1639103852
1275441805
1790468240
38275176
1058995858
1981653542
1074157908
1260511170
1052953742
1103782093
1087260783
1464649384
1094519822
1484112778
1537283665
446969787
1215377323
1162641071
1548005212
1340265813
1188704772
1108874645
1060836480
1255239148
1576950353
1741404461
1441258410
1413662200
1978055363
1543629108
1402030250
20927783
1356976407
1739254680
1967567516
19923981
1265789091
1806882394
1176981749
1726723276
35209859
1002999919
1275670462
36503889
1743086050
1480300182
1676574304
665068680
1459166328
1096518060
1506096446
1901532924
1276133954
38693146
1909909172
1005068630
1393351907
1711249877
1496827922
38522476
1427882119
1708058174
1403294460
1670946544
1319739388
1141843779
1139346686
1111379865
1573189858
340852431
1898178452
31356371
1798344080
1808068471
36779411
1092616900
1677118576
13341348
1422519994
1771981806
1886190903
1776231204
1838379872
1117495744
77527908
1988185510
1894253306
1309876806
1880929499
1228670757
1470406505
388693284
1763162903
11554632
1893385854
1495893913
1704033090
36453653
1859050325
1851579558
820388164
1412904982
1386870837
1389733588
37308558
1329884901
34572315
1078882029
1176698391
1128701012
1524221804
733920762
1029619861
716435253
1664248502
1110133208
1057800745
1030067652
37160963
1097972836
1738764319
1448128547
1959653413
1497570402
72255050
1725880081
1807223044
37556038
1366939902
1100009233
12851539
21033875
1041846907
1119648366
1173247257
1842421393
1717440686
1230533926
1745179227
1035190165
31197770
1365054072
1942131319
1193666985
1527903338
37336922
1168940389
1471317586
1759149213
1510972643
1491093504
1013996143
540281014
1552213878
1901689061
1399931838
36648938
1938586291
1750716287
1013810749
1039219625
37336909
1101891783
1376771078
37800735
1621465172
1273878741
1902632584
37793452
1178102812
1253411274
38658995
1871323055
1682551785
37357488
1920026064
1183559766
1346464783
1967647240
1432373629
895457986
38328122
33972716
19387176
1880997916
1122254586
1850375355
11886505
1865631399
996334906
1067440345
1614953667
13542746
1108285231
18484296
1067286803
1659563330
13574087
1341393737
1207253764
32269733
38305412
1320390218
1732344388
1600727618
37941875
1191020917
1133107813
1867302217
1967411628
1292569783
37098004
1584307184
13491811
1050875584
1491540976
1259933590
1515769901
1395285960
1772140077
1295981580
1903511796
1120549775
1346993241
1711464605
1051733906
1199132262
1621296173
1347429754
1379308723
1523048444
1924644034
1870183298
1286781898
38427757
1848770148
1415095170
1477268158
19873514
1650247686
1936664441
1888066284
1708080025
723386181
1495347361
1211219135
1056844497
1630800917
1097336662
18834700
1349741698
13580190
1088427147
1212470050
1932943275
1467022395
1848284388
1273878184
1538014308
1082161755
13490810
1470380916
1239144428
1485534307
1851241547
1580864200
1388503746
1240838953
13452908
1388294922
1088104245
1639514931
1443104731
13573013
1956591980
1190784086
20557516
1201043555
1852530580
1865029123
1776736814
1255909485
848321501
19866337
32636994
1229698069
34308862
1620097322
1372308253
1307835048
1614474109
1721837503
1520477340
1979317160
38269944
1963948245
1927914364
31328453
1029550270
234062970
1468001727
1129461617
1070539224
1823468706
1112438159
707577474
30926913
1792859439
1668859928
31744092
1153777926
1391506579
1102504781
1396122893
1372248112
1301453496
1732573285
1792753079
1240833155
1305933814
1185312207
1309458274
1626534782
35949313
1271221132
1104973024
117653519
1448724228
1996983560
864620055
13499033
1790379095
36721039
1204888583
1692910445
1931224333
1781920584
1547177617
1072303582
37326804
1413089540
1567250536
1245550238
1273637118
1650530502
1907658046
37994809
1549708565
1578880011
1509298205
1132884869
1443564395
37162507
1356710721
1375061721
1469590264
1264015439
1417471014
1959647833
19882512
1808069977
11684155
11684154
13062892
1768399281
1246015384
38239053
1063559570
1242240259
1870958214
1916156319
402560990
11807844
1529725349
36177591
1901639280
11489028
1961504954
1331560914
1072718391
1597916542
1429252224
1461986638
1352078946
34573334
36701300
35221857
11807853
1390224027
1733302406
1779160223
1761433348
12955487
38632459
21542312
37558963
31238020
21037921
371604954
1972929313
36792679
12955460
12947829
1406508251
1471401632
1346596412
1046954372
1865116001
1297338960
1862346894
1011594630
11684191
1429299353
1805381007
1724512349
1703224984
1182947146
1166182826
1162127488
1198567267
1582717831
1771000744
1038121783
1415007324
20624248
1149769551
1567642734
1715312177
1731612430
1311231784
1512309355
1561020042
1824846705
1074891266
31375598
1402421432
1695754185
34354218
1434669038
1451616375
1761585898
1907147184
1959958297
1732068559
1070798808
1924968335
11686630
13505381
1877665397
33535027
1366868070
12947751
21037877
1778341475
1261160020
1948135516
1745692099
1315232540
36160701
1148654737
1216447906
1446622353
1467425727
11839776
1274993135
36947413
1235349062
1467020081
1955931487
1627912248
1312223088
1883807725
1228732247
1855416958
1270708332
12951319
1360653799
31318108
1255015214
18494546
1361614882
1125951322
1678006280
13413355
1605400329
36948482
1575283849
1111893530
1172833362
1191764007
1159180795
1257257130
1850642692
1616346596
1290570696
1540091901
1361062978
1314966164
894282932
1784292018
30889786
662865053
18855971
13129069
1289070154
859737654
1306412205
1959602723
1808312459
1907181273
1905864689
1129059223
1739251695
1376277246
1275012228
50036955
1949234784
1904376871
1922372651
35831907
1885715230
153281472
1687329024
479786468
1799234035
1973519999
1792690705
38570939
1700876781
1217477030
1066945852
1142652654
1840164866
1496415759
13569557
1034736061
1886135045
1940006120
1884092314
547784315
1054392694
1077450120
35831878
1682345945
35831873
1631342482
1922695855
1887186877
1823616322
1186725156
1410050359
1288601848
1664062070
799230573
1358044033
1797951013
1385310110
1484554114
1931206028
33167265
1534260120
1754416545
1907281649
1504146076
1771421303
1453357812
1716704076
1846848226
1534921481
1901040045
1143601011
1220610665
1764852329
1064132028
1547745452
1111096673
1234673150
1843852659
1066931578
36932874
193743580
37225164
33979877
1228849714
1528903529
1046575028
1983164033
1729404273
1655159955
1908437349
37402166
1571643582
1817449209
37006087
1119436442
34159578
1622598293
37631250
35807029
1372443916
417539535
1766488022
1053622788
1962246791
1138763422
1523657441
1055581506
1146973446
276063843
32993873
1682864857
1403694368
1231951367
1428853437
35842132
1963312639
1695575191
1333057124
1593493776
37541662
1024358105
1516333908
37766543
1690998754
1172014750
1353129211
33331829
1816963795
1594521371
1588421058
1885357841
1550301597
1284740881
1819465229
1471459783
1985732438
567242317
1948130263
1972437913
1375799802
36033778
1765740638
1474980596
1014489556
1378158047
124219361
1083507576
37927487
1678573110
1297074814
1409709820
37402165
1043074547
1286009020
1888853177
1173108863
11689854
31905764
130802812
1243805691
11689822
1186444025
1734781979
1599907260
11689864
35135795
1373741662
1505264754
1986975073
35831868
1808575529
1535125538
72154919
804764413
1646456074
1250413494
1076038542
1543607146
18491332
1978296226
1360218603
1338914081
1422276319
1274614028
1118605842
1789360901
1901723829
1496593095
1904784603
20774869
1834844043
1736738936
35831899
1333632851
33021912
36997960
1301814919
1197017199
1452652157
1208379398
1271048179
1528258929
1988648751
1264152851
1000678582
1135301094
38484931
1974831301
1792155363
1836886248
1415731544
35678628
1881810685
1147985331
1406827206
1970920865
1728734207
1541413577
91282084
1076429539
1821420158
1783850971
1571297606
1224428981
1797089804
1470765535
1917971573
1694915641
1234068639
38737808
1124060870
1167231984
1167745072
1193634872
1426002074
1591196190
1434042712
36432428
1269340158
968875804
12948219
18530128
1151751814
21004689
1713158318
1828770407
1519322418
1554236997
36453737
1417628593
36924490
1038971057
869326688
1785379059
1281708959
1235764696
574045231
36684007
35831866
1866649037
1384753146
1353377022
1322051334
38349726
1377836409
12806518
38556363
1895002595
1140444902
35861811
34585484
1672877685
36948683
1351934013
1104723656
1806685724
1904239569
1339764986
1200562503
13579414
1398901358
37910890
33586527
1186078705
1178480743
1576546011
1451255840
1401448084
1079224623
34678094
1533960610
38751652
31295448
1837671590
33239228
1954009881
35831895
1246569333
1348768821
1727492792
1988455172
36424252
1367295765
941188692
1761962986
1759690653
1536816099
1243135733
33152234
36883540
1837601021
1781739932
1837274244
898151104
37654332
1824766122
1746012756
1219761996
1450830938
1020721513
1107407387
1008259968
1407848569
1044976654
1028057366
1615745238
1636001415
1806226318
1170096106
1484279080
1742887261
1120140728
1876359522
1916722465
1982193045
1706675619
1000020305
1754355439
1813667950
37659034
1618890289
1369333799
1941199046
1775186110
1856313483
1863353625
1663451826
1208045059
1244258272
1219682210
1400188961
1272650574
1851449344
1272551533
1195434395
1513540731
1746391981
1084559006
1197147360
1177252928
1502148422
1910336133
41256488
1058857466
1332344406
1190413869
1059973246
1576059168
1548568400
37621256
1828482953
1149154061
1815758360
1908735902
1572676529
1672249532
1215776119
1101964175
1353180628
1412734296
1883382302
38015307
1375741691
38549516
1325533986
1923036804
1496005067
1635636003
1873552548
37837603
1426026447
37996787
1398878124
1137220086
1349849875
1973168151
1222238094
1705735087
37687817
34565313
1815597250
1533916888
1441172707
1436548624
1239881873
1380774665
662944975
711248314
1473261990
1228319924
1425107266
1167127228
1015332711
37883455
37441781
1711314210
1750572755
1445079488
38252115
1186295543
1522154605
1874405324
87350574
38248412
1025292028
1710888464
1172451985
1287839428
1602129941
1992884008
1447869730
1405907736
1043639847
36406719
1517529478
1124097131
1031263856
1635400713
696575229
1199059619
1377682006
1418523051
1475750515
1704158255
1685398218
1151473604
1724099214
35326800
1989142526
1800475386
1798436596
1776090270
1051164520
1913680338
37463738
1133276112
1401801033
1237848914
1378622695
1873406064
1012977862
1535602640
1530045389
1279344611
1913532674
1792589515
1757347465
1416352432
1845714338
1100190528
37555747
35188260
13509098
1469089588
13403633
1211436670
1821627109
1855763938
34959688
1273650594
1792676925
1381496208
1897949605
1826507398
1946364324
1136734194
1095489390
1012359773
1511935538
1214833616
1015995644
37879865
1100944357
1522371272
1932164704
870417717
1989127521
1241711684
1433633124
1655345304
1225646339
1709731403
780372237
1141846687
1923641657
1962980190
1569436311
37911267
1096275635
288147726
1961948880
1490419398
1988086351
1452315224
1620231784
37521524
1996756663
1386252576
1087663953
35372731
1928070003
1473091782
1499463912
1833226957
1771091711
1431907268
11489338
1244280694
311759278
1744046450
1255286301
1570284075
1745674074
156284180
1382534174
1069616156
1857799227
1512650391
1025595949
360196652
1047383460
1441427306
1533350792
1025140690
1835257154
38530833
327434030
1629484097
1036434091
20668031
1162558890
1588890157
11690045
34818678
1830128856
1749389886
1067613048
18797362
1262220594
1342730817
36830589
1314460354
36317394
36285805
1719670559
1696913052
1053181079
1363099011
1331164858
1716525976
1655222956
1844107741
1061972138
1409449721
1844800554
1158712347
1186706514
1965851901
1089102577
1260375699
1456998772
34974504
1202428527
1484942101
1034392858
1452795601
38502026
1985146311
1171237397
1657286219
1248267901
1058010815
20420898
1488338005
1659843243
1972958644
1086721199
20863953
