1967647240
1432373629
895457986
1116307470
38328122
1285186695
33972716
19387176
34016603
13117552
37362104
1081873068
1880997916
1122254586
1850375355
11886505
35603926
1865631399
1498934506
996334906
1067440345
1614953667
1269340158
13542746
21608119
1108285231
1098819515
1635742649
18484296
1067286803
1659563330
36453737
13574087
1341393737
13093133
1207253764
11585300
32269733
1770967295
1478381424
63294210
38305412
1243805691
1320390218
1732344388
33445630
1600727618
37941875
38733965
1191020917
1133107813
11854397
505338596
1382019243
1867302217
1542149931
1232387490
12107143
1745579684
1967411628
1855394647
1647068883
1442991337
1292569783
37098004
1584307184
1182668560
1855226419
13491811
1050875584
1491540976
1167531735
1259933590
1044102504
1515769901
1067283876
34259240
1223219489
1395285960
1772140077
21082407
1203069267
1295981580
1903511796
20601467
1120549775
672327315
1346993241
31575986
237156960
1393865544
1002035351
1711464605
1051733906
1087741456
1313295051
1199132262
1621296173
1347429754
1379308723
1523048444
38555222
1843483565
1924644034
1029909910
1870183298
12447840
37161914
1286781898
1075119302
38427757
1483295656
34585484
1848770148
1208377887
1960037085
1689410898
1415095170
1477268158
1497634414
19873514
1680847530
1650247686
1936664441
1595462746
1032426511
1888066284
1235425429
36154610
1437513434
1461931148
1022423336
1081922758
1708080025
723386181
13158130
1495347361
1422058766
20332418
1865802207
1211219135
33879353
1331575749
1056844497
1587609638
1630800917
34177729
1600729842
1097336662
1166510356
1664062070
1181538645
1414082276
18834700
1349741698
38232590
1084077266
1275470400
20561475
773592092
440130507
13580190
1088427147
1791581585
1212470050
1931206028
1932943275
1467022395
1848284388
37898999
1482078310
11861437
1017779884
36166424
1346079626
1273878184
1538014308
1913182999
1082161755
1044996278
12851793
1086067689
1016539900
1183810461
13490810
1470380916
37871358
1239144428
1271906428
37387533
1485534307
449478032
37891358
1851241547
1580864200
1388503746
1119129424
1218065236
1763108623
1240838953
13452908
1864652859
1388294922
64166808
33636839
1639550570
19866400
1257199251
1088104245
1513911780
1307726210
1639514931
1902042290
1082473387
37169102
1443104731
13573013
1167481100
1896940114
37486171
1672422189
1956591980
1859072334
1501329817
136397665
37824114
1190784086
1961533564
20557516
727849042
1714213927
1221062215
1201043555
1852530580
1865029123
1974285797
37927487
1950086627
13402730
155398829
1922182440
1776736814
1791580858
1545491074
1032877370
1255909485
848321501
19866337
32636994
1879423579
1238438824
1229698069
1591951858
34308862
1705392665
487040518
1143697476
36744553
13573782
1620097322
1070527862
1769095765
35769705
1062251833
1372308253
1486267884
1307835048
1239218139
1548879877
1561132957
923777626
1975678801
1614474109
1910910096
1406913154
1721837503
1163169274
1123367577
1520477340
1840538927
1979317160
1766605714
38269944
36779618
1665937115
1914922752
1779291967
1374995918
1160712189
37322802
1963948245
1927914364
34615854
31328453
1414144071
1029550270
1974608832
1280317575
234062970
1129758054
1074657894
36229917
1468001727
1268469178
1015142240
1488518720
1858186204
1129461617
38232423
1328190338
