1348768821
1727492792
1988455172
36424252
1367295765
941188692
1761962986
1759690653
1536816099
1243135733
33152234
36883540
1837601021
1781739932
1837274244
898151104
37654332
1824766122
1746012756
1219761996
1450830938
1020721513
1107407387
1008259968
1407848569
1044976654
1028057366
1615745238
1636001415
1806226318
1170096106
1484279080
1742887261
1120140728
1876359522
1916722465
1982193045
1706675619
1000020305
1754355439
1813667950
37659034
1618890289
1369333799
1941199046
1775186110
1856313483
1863353625
1663451826
1208045059
1244258272
1219682210
1400188961
1272650574
1851449344
1272551533
1195434395
1513540731
1746391981
1084559006
1197147360
1177252928
1502148422
1910336133
41256488
1058857466
1332344406
1190413869
1059973246
1576059168
1548568400
37621256
1828482953
1149154061
1815758360
1908735902
1572676529
1672249532
1215776119
1101964175
1353180628
1412734296
1883382302
38015307
1375741691
38549516
1325533986
1923036804
1496005067
1635636003
1873552548
37837603
1426026447
37996787
1398878124
1137220086
1349849875
1973168151
1222238094
1705735087
37687817
34565313
1815597250
1533916888
1441172707
1436548624
1239881873
1380774665
662944975
711248314
1473261990
1228319924
1425107266
1167127228
1015332711
37883455
37441781
1711314210
1750572755
1445079488
38252115
1186295543
1522154605
1874405324
87350574
38248412
1025292028
1710888464
1172451985
1287839428
1602129941
1992884008
1447869730
1405907736
1043639847
36406719
1517529478
1124097131
1031263856
1635400713
696575229
1199059619
1377682006
1418523051
1475750515
1704158255
1685398218
1151473604
1724099214
35326800
1989142526
1800475386
1798436596
1776090270
1051164520
1913680338
37463738
1133276112
1401801033
1237848914
1378622695
1873406064
1012977862
1535602640
1530045389
1279344611
1913532674
1792589515
1757347465
1416352432
1845714338
1100190528
37555747
35188260
13509098
1469089588
13403633
1211436670
1821627109
1855763938
34959688
1273650594
1792676925
1381496208
1897949605
1826507398
1946364324
1136734194
1095489390
1012359773
1511935538
1214833616
1015995644
37879865
1100944357
1522371272
1932164704
870417717
1989127521
1241711684
1433633124
1655345304
1225646339
1709731403
780372237
1141846687
1923641657
1962980190
1569436311
37911267
1096275635
288147726
1961948880
1490419398
1988086351
1452315224
1620231784
37521524
1996756663
1386252576
1087663953
35372731
1928070003
1473091782
1499463912
1833226957
1771091711
1431907268
11489338
1244280694
311759278
1744046450
1255286301
1570284075
1745674074
156284180
1382534174
1069616156
1857799227
1512650391
1025595949
360196652
1047383460
1441427306
1533350792
1025140690
1835257154
38530833
327434030
1629484097
1036434091
20668031
1162558890
1588890157
11690045
34818678
1830128856
1749389886
1067613048
18797362
1262220594
1342730817
36830589
1314460354
36317394
36285805
1719670559
1696913052
1053181079
1363099011
1331164858
1716525976
1655222956
1844107741
1061972138
1409449721
1844800554
1158712347
1186706514
1965851901
1089102577
1260375699
1456998772
34974504
1202428527
1484942101
1034392858
1452795601
38502026
1985146311
1171237397
1657286219
1248267901
1058010815
20420898
1488338005
1659843243
1972958644
1086721199
20863953
