1422592463
1915466381
1743025750
35581494
1868037252
1950596229
1533119438
35306908
35396916
1520564554
37434629
772015873
1566479575
18293979
1237775771
1839599343
1437584458
1923224249
19886330
1774095047
13568813
1190246958
37112262
1294095484
1565842036
36165988
589845285
1105022732
36324317
32779465
1367714544
1681130276
760335826
38522511
11684839
1931815105
61988088
1733343034
1151361404
1436445052
1108774614
1011293106
34850120
1324020958
1158267698
1780808607
1451152955
919432783
35326331
1648892251
1270564290
1676415860
1444676133
1464309844
918398600
1076786760
1037795379
1641215869
945196293
1945956595
1268731007
11739034
33385525
1146069193
33937034
36417436
1393914296
32382756
1534156637
1173117112
93842452
18289747
1380125827
36029609
1756270133
1544946711
1138387512
12947514
1613550850
1273011543
37221241
1828130191
1008048995
1266674058
1019240813
1110512210
1718582962
1604543430
1662866085
1774965163
1950826255
1977192213
1479335022
1427310570
1130492068
31501154
19958441
13042996
1817334477
1832557885
1924753765
1125208947
1809568314
1510623680
1265772867
1102457456
1810948540
1898546716
1178938443
834236713
1869012524
34203751
1739286498
34635389
1836901105
1157665755
36656085
34308559
1917835260
1471211573
37018502
37851084
1356927682
1532056706
1375582936
37942742
1296914779
1461161950
1848269048
1083319641
1579683698
1730554273
30808738
741260010
33626415
1486132757
1242406850
1718009906
1871688766
37426728
1382183276
1211542011
36947932
38232288
1591600760
1557149871
37798131
1618118199
34354546
1816466433
37236114
1814014721
11489349
1831167350
36845387
36948677
1569097459
1357026678
1059577709
1378393126
37108502
33877491
249236739
1841024297
1673821855
37798138
1026632172
1319112430
610146921
1825609502
1618698091
1716731192
1924702157
1323641864
1812638207
1374047238
38219186
1290373910
1043508951
1521536798
1730111056
1593219626
1193901051
20637797
1911814181
1864214622
1528420616
38219263
18764010
31501200
1981016542
38531171
38276463
31111537
37131010
38411486
1258859664
1266645463
11716504
1247608731
1269707918
1375973336
38482028
35051440
1631743253
1034152441
1893999967
347409816
36782840
1741113619
1147931439
1308525216
1451561651
21361975
1105226114
1559853970
37704302
1940401500
1440225805
1016232530
71959498
1562801066
1706637995
1282836240
33133762
1635695502
1476142483
1186535662
37822146
33283979
1605171551
1463852059
13172420
1738758176
1196690317
11780361
1758047110
38232322
1131138482
38275162
36311149
1897164077
1640433149
36792626
1939474836
370628752
1602341157
18368434
1607840211
1964153441
1829312700
38275359
38275709
1113309152
36849499
36663082
1240600072
1627099234
1373503073
32383008
1542905097
36731066
36793986
1228265620
1035117761
1665162101
1338577569
1766990529
1509278152
1169483391
1598096493
1519068960
1502323071
1450490392
1850790381
1131058719
1842428851
84021300
32875069
1304158347
1998726015
1753607797
31454257
36712223
20642086
1442442983
1117073203
37130866
31887366
1258968388
1534049508
1159492203
1276023078
1670565788
20643571
931476165
1174626113
1301984075
1742503634
37816197
1059801096
1573999049
11691679
1088501923
1082814553
1377425506
1237051533
1469302593
1839230114
1686876231
