1725895520
1517487358
1092567422
1038370038
1508243090
1694234920
595074289
1425989301
37717085
1943210266
1078138614
1399503871
971501438
1537971823
1244479891
1030871168
1063312626
1543901744
1691420621
1965277191
1196593317
1833313793
523890342
1344027015
1321337563
1241418880
1831566455
1030413970
1193971273
1712521730
1353346572
1509451621
742676592
1273666847
55585656
1128626529
1988832741
1750955752
548365578
1455299135
1935471901
1467953783
1321493330
1033239204
1432336976
1706561777
1247415883
1569752551
1151982404
1673773985
1409603517
1184862139
1525007973
1393890643
1526798269
1734273361
1859537881
1071830988
1969246354
1395030685
1087183871
1847066597
1675458615
82935618
1643583812
1867178428
37471718
38337802
1346166736
1447612432
1962021779
1203115921
1886226302
37691543
1060006624
1451854749
1678617330
1069345246
1999678821
1479215721
319626943
1168698330
1223354536
1424054328
343496704
36237493
1194510469
1900288880
1200806667
37910590
1259420360
1483409913
1150528971
1343525582
1829908685
1383256753
1543294903
1504347953
1209609729
1289885337
1613470297
1193907072
1624336026
1081045129
1308949721
1471112751
1022973489
1239997161
1465772360
1795630424
1251057335
1681576115
1217287130
1115306852
352011330
1248841873
1813425781
1182897501
1621508044
1085084433
1418458318
1199055314
1275929043
1268717405
1397836032
1411397842
1080312995
1160848046
1298511802
1780958638
1183278977
37191703
1560084717
1632480509
1041618690
1889699636
1215237779
1212942253
1654486779
1505046001
1867897248
38692829
1906998225
1270448451
1966521856
1492433555
1182192310
1466813969
36276169
30811760
1402937642
1921874344
1264704134
1370339688
1802761649
1824541032
1080372232
1023169214
1076715606
33704135
1062570494
1430646260
1404930910
1936568550
1386426481
1865182891
1271468163
1332642541
1595247698
1983922131
1652633174
1964635228
36905757
1547319276
1458138741
1393149392
1605963127
1645816805
1061365277
1884486346
1697675166
1088009411
37896030
1295000655
1223965177
1461811104
1281821449
1309359322
1127445707
1532726506
1927557936
1863706992
1718420274
1413106151
1781253700
1161152347
1848564095
1545903529
37683876
297126441
1989352305
1009022632
1078949657
1384891709
1267437086
1016765717
1404322853
1753489603
1180418614
1637968063
1981904689
1470307602
37302046
1265785877
1944438246
1306390433
1943177303
1613054408
1436742203
1548589806
1896147371
1103507675
1862026206
1019405388
1240622538
1248117249
1725861030
1583380938
1070861954
1275922607
270473240
1477788445
1961329445
34786556
1266915975
1452955482
1049076059
1012485216
1697409979
1578584646
1122844265
1610448119
1300253897
1790076538
1117575393
1282311574
1211964877
1428046376
1252191493
1813154034
1711413259
1660423120
1918028699
1247801780
1578379657
1424869222
1367477098
36010634
754349082
1621519953
1886481455
1866877749
1623328599
1952602333
1819306212
1944708422
1320858854
1375584749
36920268
1854541666
1249359072
1582006805
34937369
1279085531
1755942582
1381920053
1267504932
1398254984
1000212289
1998395051
1379233462
1743679102
1197226539
1320654683
1857250841
1116217742
1726138744
1072526830
1291534060
56741405
1796975604
1394651599
1466828408
1388756141
1912626916
637694781
1207780049
1554732677
1850384974
1568797034
1774078943
1399635238
1461908908
