1391453544
1946991741
21306384
19796689
1450020986
37696296
1418698326
35563009
1089249982
1153040328
1005404756
13073862
1966558505
1595645846
38420402
13573308
1192736835
1100940033
1547270231
36601195
31394999
1043379025
1671232472
1223716152
1301707354
18747370
1140548706
1307766370
1053431120
639871552
13506826
36812789
32316936
31608233
1163139037
1818853219
37370324
21853263
1701030600
1996930734
1854833614
11592720
1937057390
52900491
30830770
1420025738
19493874
1678386755
1597002433
36631076
20561789
1958246365
37609482
1729088578
1752945902
1601594021
1125845933
413474440
1135301717
1491966477
1948443120
1006379012
35150556
1287984246
37391652
33021904
1099723171
21250674
1823159874
1778646866
1058744939
1478746445
35005080
1208647495
1548311383
1894481944
1226537306
1230867611
1241537558
1311902366
1293053706
1120503681
35562920
11689850
1116487772
1623890824
37775840
1830402626
11593558
1230672631
1228539047
1232792293
1437259288
1226404503
1313091121
1966158346
1004564820
1476560900
1457625754
1094546593
38300268
1935823121
19878242
1437237006
1063168964
1198014242
1009948700
1172415386
38737563
31229995
1169690736
1264923143
1165372300
1540039408
1390349194
1879461707
32351642
1085674564
1323219611
36874015
1258546018
1139803210
37912310
13357149
1418869114
173918089
13152789
1137614062
1847926946
13570666
37648608
35306735
1648900414
1136138589
1564599976
1359665438
1212154487
1207184245
37336820
1180636517
204069476
1123657673
38693689
300908424
11489345
38419425
18240255
1698663152
1323631194
31383463
1199972298
11839441
1534295338
18241300
1567110440
35251819
1604633855
1193145987
1932099596
11807591
1340441355
20233934
37762110
38484364
1644344193
1846573955
1948697419
1921431811
21559844
710495494
1099345475
1715829579
38275926
1743826073
1919889669
1575865774
1765188454
1975933458
1537766061
33972599
1366550708
36642960
37196955
1577135593
31806396
1492856858
1171379723
13158412
37237287
37249358
1493701744
1241143945
1266962649
1366022316
18231613
1503818993
1249847675
1084349860
1419704014
1249273659
12073291
1853330941
11878355
928222007
1211367868
1332230754
1777824407
18243683
33891135
1691887046
565616623
12077012
1353030043
1700345670
1357295619
36639958
1288962245
1571023241
1633931497
1050519490
1966641702
1632371623
1232336046
1689571154
1029465285
1564017134
11721340
1102154545
1527857403
60353315
1326748832
1292658699
1652789282
38277028
1000695041
1919839902
1010768419
1548749776
1452440066
1122384224
1021585530
1356520741
1625029568
1541673763
439563774
1856978293
1051540017
1441024112
1240466875
13156429
1233831024
1773392734
1713820351
1038166733
1040666002
36271566
11670704
1250798554
1169240227
1038784243
33889286
1085550822
1262982007
34203757
1835934395
33586054
1012867100
1863503208
38548704
37637684
1725462338
1951855563
20105762
1885950260
1148451807
1507982265
1628471514
1074006835
1588900905
11570104
1930896967
1345130515
31543095
33252946
1278626300
1663351710
35597964
32812019
1171988226
11591020
1240298410
31329475
1089394789
1632015192
13011682
1485153539
1424333494
1234575161
11621395
1324084306
1612786648
1373641716
1365106867
34347886
35431521
1626538752
1300839882
1834746801
1170617021
1333682838
