1967647240
1432373629
895457986
38328122
33972716
19387176
1880997916
1122254586
1850375355
11886505
1865631399
996334906
1067440345
1614953667
13542746
1108285231
18484296
1067286803
1659563330
13574087
1341393737
1207253764
32269733
38305412
1320390218
1732344388
1600727618
37941875
1191020917
1133107813
1867302217
1967411628
1292569783
37098004
1584307184
13491811
1050875584
1491540976
1259933590
1515769901
1395285960
1772140077
1295981580
1903511796
1120549775
1346993241
1711464605
1051733906
1199132262
1621296173
1347429754
1379308723
1523048444
1924644034
1870183298
1286781898
38427757
1848770148
1415095170
1477268158
19873514
1650247686
1936664441
1888066284
1708080025
723386181
1495347361
1211219135
1056844497
1630800917
1097336662
18834700
1349741698
13580190
1088427147
1212470050
1932943275
1467022395
1848284388
1273878184
1538014308
1082161755
13490810
1470380916
1239144428
1485534307
1851241547
1580864200
1388503746
1240838953
13452908
1388294922
1088104245
1639514931
1443104731
13573013
1956591980
1190784086
20557516
1201043555
1852530580
1865029123
1776736814
1255909485
848321501
19866337
32636994
1229698069
34308862
1620097322
1372308253
1307835048
1614474109
1721837503
1520477340
1979317160
38269944
1963948245
1927914364
31328453
1029550270
234062970
1468001727
1129461617
1070539224
1823468706
1112438159
707577474
30926913
1792859439
1668859928
31744092
1153777926
1391506579
1102504781
1396122893
1372248112
1301453496
1732573285
1792753079
1240833155
1305933814
1185312207
1309458274
1626534782
35949313
1271221132
1104973024
117653519
1448724228
1996983560
864620055
13499033
1790379095
36721039
1204888583
1692910445
1931224333
1781920584
1547177617
1072303582
37326804
1413089540
1567250536
1245550238
1273637118
1650530502
1907658046
37994809
1549708565
1578880011
1509298205
1132884869
1443564395
37162507
1356710721
1375061721
1469590264
1264015439
1417471014
1959647833
19882512
1808069977
11684155
11684154
13062892
1768399281
1246015384
38239053
1063559570
1242240259
1870958214
1916156319
402560990
11807844
1529725349
36177591
1901639280
11489028
1961504954
1331560914
1072718391
1597916542
1429252224
1461986638
1352078946
34573334
36701300
35221857
11807853
1390224027
1733302406
1779160223
1761433348
12955487
38632459
21542312
37558963
31238020
21037921
371604954
1972929313
36792679
12955460
12947829
1406508251
1471401632
1346596412
1046954372
1865116001
1297338960
1862346894
1011594630
11684191
1429299353
1805381007
1724512349
1703224984
1182947146
1166182826
1162127488
1198567267
1582717831
1771000744
1038121783
1415007324
20624248
1149769551
1567642734
1715312177
1731612430
1311231784
1512309355
1561020042
1824846705
1074891266
31375598
1402421432
1695754185
34354218
1434669038
1451616375
1761585898
1907147184
1959958297
1732068559
1070798808
1924968335
11686630
13505381
1877665397
33535027
1366868070
12947751
21037877
1778341475
1261160020
1948135516
1745692099
1315232540
36160701
1148654737
1216447906
1446622353
1467425727
11839776
1274993135
36947413
1235349062
1467020081
1955931487
1627912248
1312223088
1883807725
1228732247
1855416958
1270708332
12951319
1360653799
31318108
1255015214
18494546
1361614882
1125951322
1678006280
13413355
1605400329
36948482
1575283849
1111893530
