37392371
1962405415
38667890
1875023937
1429020741
1140019690
1239175402
1656542083
1934110535
1710960949
1978116283
13160255
1428655528
1181811666
1001440262
1086967954
11889383
1603372541
36351507
38010193
1969024166
1829719326
1380703463
556684551
19866842
37203008
1042800691
21052525
1323931729
1205805952
1789163625
1663993090
38274906
1961540942
1858443612
13072581
1048363661
13347955
1452127093
1972853104
1895059324
37565028
1961467177
1759489701
19862346
38704048
1716532039
1110632330
1034555118
37677499
732892090
37297278
1096160172
1760391398
1317239544
1387166541
1359602538
1204258006
1569419853
1492125278
1051080827
1353902703
18582044
31841356
11689855
1062330664
37327241
1294725943
1673073940
665944968
1338538666
1364609934
1592222156
11595465
1061213359
1125067657
1271433541
1564479691
353382818
1667208632
1618751140
30824674
1948534264
1942212077
1826406203
1546943891
1681253358
1929810173
33021698
19882271
1547823341
20568913
21198127
38712174
518889273
11669737
1707095662
1633850460
80565293
1502377093
1489003928
36459582
1577207023
1809403692
1337985810
59163472
38851387
1121475982
11867783
1815370919
38275769
38473855
1095278003
1172010846
1162193968
1075706526
13156570
1004041892
1960782479
1119313763
38276405
1187070199
311505050
18594564
1196076445
38495258
36740363
1328120503
1719180189
218913041
32783663
1001426401
1558782803
1556777541
21607710
1052026689
1001991003
1476666228
1962218378
1375597732
1015219404
1491597804
1450243657
11808013
1101058531
36792009
1601729330
1059152436
1360271393
1768284513
485133335
612586941
1335352927
1951659921
1279295301
1942247185
1150758440
1218235409
1256475690
11689993
1575020563
12971671
1637846889
1272956861
1077742920
1938596629
1069458423
1257518985
1487507834
34974668
1615704010
32394811
1785494589
1903490798
1648457705
1474400616
1052871870
35194752
1988781553
1258155900
37993537
1406234830
1193586093
1079986125
1503756926
36287174
1540473472
19769134
1628464082
1830530166
1092225241
12785670
1605805827
1597810217
1850877131
1757060367
35993394
1976317342
1861975751
1325381440
1563337170
1338136084
36379148
1572749072
11689835
1315548564
18593621
1998085275
1817707999
1488496598
38427375
1713621465
18594279
187322507
21116710
33894505
1143433571
1190386138
36195956
20038086
34228343
1997808856
1965560480
1881401771
1847776554
1605694988
1074847662
1909314110
245341698
1245519227
1828027696
1467293574
1336104845
1128529833
18999885
1519094276
497988001
1806624552
34120240
1877790600
1262195839
1979661832
1958568498
1020967219
31730434
37107232
1772748631
1770672508
12796695
36664518
13571210
37471623
1204081690
1167770215
21873351
1233385119
1716289568
36386509
1576340179
35263294
1439923770
1533925813
37812452
1497796801
1330896876
1760748776
1313906057
35150166
1640212931
13392884
20620181
1977781290
1981292991
19776454
1915670192
36601224
1014962974
36253417
1661285522
11689916
1151992991
1999400520
1001660164
1724045929
38459871
1976850245
36948685
1660039367
1654409974
1761845255
38692777
1364274926
1210570323
1460159048
36060586
18584174
21805296
1118470713
1658732391
1101853388
1320822103
1627268745
107062895
1390171237
1667207259
1121697600
1582545716
1435227559
1133627600
1939262449
