21547232
37848376
1233086327
1827816773
1083396619
1218176536
822066102
1686872008
1499717815
1845157455
1527943075
1698553157
35559487
1249975488
1282234213
1325997070
421667612
1621125116
1283231728
1122933127
689929472
1663724505
1586361430
1813688325
1124418789
1061710583
1465529127
1135305997
1519687812
1918427744
1701007422
37546863
32481253
31536272
735422961
37761497
35051520
1098258045
1061338586
37455024
716458775
11571524
1790792517
1336505267
1246650053
1519863138
1792732493
1244265544
1732037807
1834468284
1418721422
1715479647
1732864924
1128611200
1437480807
19873391
1789467096
1485884850
1185131482
1965915539
38520784
1257264714
1835430655
1496938941
1318341712
1475788719
1657977188
1689312726
1858284737
1342088799
1241259649
37755417
738369506
1613379179
1692589165
35372377
1074798383
1374203035
1891484042
1997174775
1767506834
1238247969
1462190098
717209166
1747759701
37445808
1099860670
1397214957
1591800898
1032916983
1723840392
1532179220
35092812
19713324
1086398472
1750767111
1017285328
1107102636
36949000
1539124097
37192015
1226789649
1197190487
1084574070
1618036327
1008861226
1547881298
1741098913
1368037001
1339999455
1212031024
35853806
1908540186
36276853
1575635245
37046186
36768469
662716588
1352848773
1355193755
35787933
33707193
1869603320
1105320197
1895058261
32307509
1392272124
1515316639
33879446
1153686132
187579997
13375918
1639103852
1275441805
1790468240
38275176
1058995858
1981653542
1074157908
1260511170
1052953742
1103782093
1087260783
1464649384
1094519822
1484112778
1537283665
446969787
1215377323
1162641071
1548005212
1340265813
1188704772
1108874645
1060836480
1255239148
1576950353
1741404461
1441258410
1413662200
1978055363
1543629108
1402030250
20927783
1356976407
1739254680
1967567516
19923981
1265789091
1806882394
1176981749
1726723276
35209859
1002999919
1275670462
36503889
1743086050
1480300182
1676574304
665068680
1459166328
1096518060
1506096446
1901532924
1276133954
38693146
1909909172
1005068630
1393351907
1711249877
1496827922
38522476
1427882119
1708058174
1403294460
1670946544
1319739388
1141843779
1139346686
1111379865
1573189858
340852431
1898178452
31356371
1798344080
1808068471
36779411
1092616900
1677118576
13341348
1422519994
1771981806
1886190903
1776231204
1838379872
1117495744
77527908
1988185510
1894253306
1309876806
1880929499
1228670757
1470406505
388693284
1763162903
11554632
1893385854
1495893913
1704033090
36453653
1859050325
1851579558
820388164
1412904982
1386870837
1389733588
37308558
1329884901
34572315
1078882029
1176698391
1128701012
1524221804
733920762
1029619861
716435253
1664248502
1110133208
1057800745
1030067652
37160963
1097972836
1738764319
1448128547
1959653413
1497570402
72255050
1725880081
1807223044
37556038
1366939902
1100009233
12851539
21033875
1041846907
1119648366
1173247257
1842421393
1717440686
1230533926
1745179227
1035190165
31197770
1365054072
1942131319
1193666985
1527903338
37336922
1168940389
1471317586
1759149213
1510972643
1491093504
1013996143
540281014
1552213878
1901689061
1399931838
36648938
1938586291
1750716287
1013810749
1039219625
37336909
1101891783
1376771078
37800735
1621465172
1273878741
1902632584
37793452
1178102812
1253411274
38658995
1871323055
1682551785
37357488
1920026064
1183559766
1346464783
