1910405811
1262377225
1767890367
1473879047
506996136
1067925517
1360232609
337616098
1758378925
1387480043
13060964
1090005778
1525340544
1129588734
1277184396
1052218804
1108728134
1234949807
1365860703
1941509172
1495370212
1719507465
656491670
1209463896
310519080
563579356
1650728147
38703843
1539451060
1474627668
1720533171
1227798508
1726302067
1270289992
1576151152
1069542793
1560894942
832605925
1952533824
1776226377
1472366109
37263769
1982238569
1801952684
1573898667
1817266481
1305224860
1495263026
1770008948
1757015098
1136359935
1229793109
1198045151
1466975947
1430587054
715782489
1240190178
1827620160
1149305255
731605639
1031190341
1250997417
1256999271
37197875
11719309
1614417324
1942921803
1084312804
1488425649
1053282197
1219296929
20713693
1979892243
1386833963
1507052049
1224384502
1151193613
1993928504
1620383625
1915708438
1845288175
37520301
1684935810
1044642420
1285922861
1063364661
1550163571
1479841475
1402117457
1464932492
86196000
636720810
17929286
11846486
1597024444
1463233576
1391778965
1069246697
1711387938
11715731
34850621
1856734353
19923805
1804950881
1636069118
1279606292
1576850592
1881940422
1874692559
1106088306
1084352932
1584325830
1485671443
1660059821
1851933753
1017107459
1122440734
37915696
1958472798
1415091445
1060398712
1119516180
31575946
1510453404
1141273055
1125403542
1833744146
1587567802
30999918
37683756
1695084880
1473374967
1599278060
37384167
1476550727
38520396
1172158773
1908165652
1798112538
1776930583
1046777005
1206209216
1823569155
1647032458
1063972078
1475084048
1880268662
1117066548
1912032850
1096089697
1764065667
1699805104
1728364128
939051630
1669555254
31076497
1603610320
1759116735
1345576006
1839696543
1095083089
1384585234
1230031355
1998791947
1992840193
558674555
1543996716
1377831784
1124641637
38275858
37435253
1583665464
37168984
1226668619
1315674867
1901173439
1241138461
1313184140
34582227
1059957766
1120415606
1583060399
1299095472
11689844
1363067761
1007846623
1999413846
20300076
1175329754
259119148
1328459749
37039367
1297580272
31346781
1611971607
1709717088
37009055
1995407261
1273177276
1020586646
1569307801
1197867572
37491896
1105473067
1881849698
37373554
1060083836
1603381706
1298799394
20927082
37561899
1625747243
1887238831
1601148863
1144266126
1771029459
1085603815
1038607282
1284887591
31197772
1859749227
13183655
1342631145
1239642365
1155816041
1486908254
1248066360
37153486
1928789154
37638370
11678081
21037762
1355294819
1264228860
1139973427
1256995027
222537376
35457966
1822267226
1548575513
1634513138
1055758659
1760640611
1781120365
38231951
872117302
1930617018
1866851298
1617202857
1605364869
35516319
1053442348
767018718
1665420539
1232577588
1228391696
1724202479
1333445178
1229716585
1382044467
1673112202
1690012932
1057345883
13151902
1000521232
1932210583
11689908
1413698459
1424665491
1147052133
13152757
1324994980
1603942933
1028526198
1060015808
19837813
1327998904
1537441528
1105908490
1283563594
1679824753
1683144019
1964085842
1002617757
19535385
1045971492
1281576746
37890233
1435970084
1008202610
13151950
1500609833
1371876716
1704022791
1676974061
1691808623
1416522301
1782436531
1806183610
1146516617
1200438769
36948692
1826259300
1031182134
1253758780
35194782
35188493
1003645079
1660164157
1132601320
