1172833362
1191764007
1159180795
1257257130
1850642692
1616346596
1290570696
1540091901
1361062978
1314966164
894282932
1784292018
30889786
662865053
18855971
13129069
1289070154
859737654
1306412205
1959602723
1808312459
1907181273
1905864689
1129059223
1739251695
1376277246
1275012228
50036955
1949234784
1904376871
1922372651
35831907
1885715230
153281472
1687329024
479786468
1799234035
1973519999
1792690705
38570939
1700876781
1217477030
1066945852
1142652654
1840164866
1496415759
13569557
1034736061
1886135045
1940006120
1884092314
547784315
1054392694
1077450120
35831878
1682345945
35831873
1631342482
1922695855
1887186877
1823616322
1186725156
1410050359
1288601848
1664062070
799230573
1358044033
1797951013
1385310110
1484554114
1931206028
33167265
1534260120
1754416545
1907281649
1504146076
1771421303
1453357812
1716704076
1846848226
1534921481
1901040045
1143601011
1220610665
1764852329
1064132028
1547745452
1111096673
1234673150
1843852659
1066931578
36932874
193743580
37225164
33979877
1228849714
1528903529
1046575028
1983164033
1729404273
1655159955
1908437349
37402166
1571643582
1817449209
37006087
1119436442
34159578
1622598293
37631250
35807029
1372443916
417539535
1766488022
1053622788
1962246791
1138763422
1523657441
1055581506
1146973446
276063843
32993873
1682864857
1403694368
1231951367
1428853437
35842132
1963312639
1695575191
1333057124
1593493776
37541662
1024358105
1516333908
37766543
1690998754
1172014750
1353129211
33331829
1816963795
1594521371
1588421058
1885357841
1550301597
1284740881
1819465229
1471459783
1985732438
567242317
1948130263
1972437913
1375799802
36033778
1765740638
1474980596
1014489556
1378158047
124219361
1083507576
37927487
1678573110
1297074814
1409709820
37402165
1043074547
1286009020
1888853177
1173108863
11689854
31905764
130802812
1243805691
11689822
1186444025
1734781979
1599907260
11689864
35135795
1373741662
1505264754
1986975073
35831868
1808575529
1535125538
72154919
804764413
1646456074
1250413494
1076038542
1543607146
18491332
1978296226
1360218603
1338914081
1422276319
1274614028
1118605842
1789360901
1901723829
1496593095
1904784603
20774869
1834844043
1736738936
35831899
1333632851
33021912
36997960
1301814919
1197017199
1452652157
1208379398
1271048179
1528258929
1988648751
1264152851
1000678582
1135301094
38484931
1974831301
1792155363
1836886248
1415731544
35678628
1881810685
1147985331
1406827206
1970920865
1728734207
1541413577
91282084
1076429539
1821420158
1783850971
1571297606
1224428981
1797089804
1470765535
1917971573
1694915641
1234068639
38737808
1124060870
1167231984
1167745072
1193634872
1426002074
1591196190
1434042712
36432428
1269340158
968875804
12948219
18530128
1151751814
21004689
1713158318
1828770407
1519322418
1554236997
36453737
1417628593
36924490
1038971057
869326688
1785379059
1281708959
1235764696
574045231
36684007
35831866
1866649037
1384753146
1353377022
1322051334
38349726
1377836409
12806518
38556363
1895002595
1140444902
35861811
34585484
1672877685
36948683
1351934013
1104723656
1806685724
1904239569
1339764986
1200562503
13579414
1398901358
37910890
33586527
1186078705
1178480743
1576546011
1451255840
1401448084
1079224623
34678094
1533960610
38751652
31295448
1837671590
33239228
1954009881
35831895
1246569333
