1503644539
19866326
1703190567
1412462043
1179910659
1270396816
34658234
1021945903
1418698326
1283663834
1578071453
1883832743
1507982265
1176845784
38010911
34098350
1968041382
38420402
1595759279
1082582134
1958246365
37370324
1345745893
37696296
1002491565
1623890824
20925164
38276438
1048389167
1148603793
13156166
1299351750
31238106
1864626411
35958706
1048787673
20510754
1425518515
31048018
1995828622
32316936
1723496697
38737563
1123348749
1751254128
1845951423
1685401944
1130004491
1595645846
21693495
1883924356
1519042097
1276136340
1353495665
1487727976
1258546018
1094546593
1236995778
35431521
1213231016
33877466
30827206
1205588089
1675858699
1898511767
1778087184
21856573
1745771292
1018181364
1165474756
1391453544
37285935
37438798
1114049504
1138949668
1099651588
20415444
1528833676
33943118
1640370826
1533550220
1324084306
1216026685
1675974628
1544449766
1809577810
745365553
1152120915
1121433996
1099092209
1700744683
19873017
1789177874
1664468044
1280914854
1310686440
1261853056
374694216
36877700
1129981519
1854833614
1295216727
1316829967
1014203652
1504828663
34922648
1213537628
1358826601
1354903584
11712022
1141833339
1043379025
21728200
689198524
1038526987
1292205602
52900491
1632371623
38642194
1140548706
1794136920
1541543962
1354715812
572367804
1778308683
1301707354
35848993
36398891
1824573730
38282260
1752432224
1356028460
34016066
34079145
34203757
1198210637
36642960
34043796
1358125051
1646954527
13072449
1865194920
1008768260
1476951730
13154744
1666201781
13411255
13155019
1123657673
1819102179
1376146279
31737698
1115566217
13493492
1491966477
38737314
1323219611
1012255716
37495568
11816522
1997859792
1697076407
13506826
496030463
20362335
37548701
1168064769
37915747
1929603417
1332606481
1602422029
212897207
1349731448
38643309
1757296214
1498252663
1270560918
1385036638
21048818
1633931497
13156164
1090777381
1916597325
36399494
38338180
1238404643
1484009801
1175547535
1839168978
1244481703
37271745
11595046
1150085460
1102437304
1456524257
1205351110
1365170000
1169690736
1517719903
34714133
33706021
1752945902
1286482063
1931678541
1423000483
1021291657
1749292553
1751626141
1571951720
1814718199
1775473845
1180636517
1191658033
1089394789
1094566184
1345284209
33252946
1286002957
1222821609
1274327785
1603751419
1807305919
1900564106
1060873970
1090276318
1412526004
74314251
1091453337
1188962072
1410826313
1100366331
169711250
1633206582
1490748503
37157268
38448458
33575652
1341215616
31243203
1037213590
1321259351
1625723797
1200492138
1571023241
1311902366
33877474
1655745209
1080698904
204069476
1275115290
1478723287
1871716368
1051540017
1441024112
13545768
1832211716
1095959225
1874836177
1216441530
19862370
61864949
1026008035
1626763563
37996760
1846241643
1091896358
1422358363
1359533932
1506591868
1179781827
1104266499
52958874
1632474623
300908424
31368179
1357295619
1999208568
34615457
1541622822
1172120125
1226433433
1321106648
1859611046
1836378000
38300449
38696124
35708180
1698663152
13139438
1562047501
1840468850
21535803
1592474841
1176224601
1502418449
1815170139
1465557879
36874015
37769447
1022165531
1048166619
1610258155
1527800785
1035550023
1419188474
1023197888
20091272
1071090125
1163767305
19878081
